$ANSIBLE_VAULT;1.2;AES256;infra
66343237613761636265303335363764326232343566376439326363653262323265613764363766
3339396434313166623536333538363864366337323066370a356538393039646635396164626330
37666161356334613566306661616630663234373364326561613061353736363735353037303332
3237623239656439330a323832623564343133656636386262633165653730343535356432633737
61666437643634373430363638346563666161353738383533383833396637653061313364383263
34626463383965633063613235356437326336653433393134656435303637333236666262646262
30373662303539353638616630383834333235316439653061616166353833393863303030626361
62633033613738383733323730653638393237636131353231373363623538333035353632386533
30633135303937663737383866643238343239326535366561393864353335356336666231373565
34323765653033376466353335633633373339643063343631303066323364663463623065326161
38616463333463306132633162626365383230363330393263666533356132636430333031376238
39666265326363356265323265613564313631306464623763363939353365333036613865643533
39643133353731616431383938613731383163626161376133666439333837326632396532393730
66663561373431646135383938316334316638366530636461343234383638663066613234306563
62626461663431316662366631663336643737616661633736653631313364656333343938376662
39663066313438313766386566343531623532636233363566313264353135623436313239643832
31326439613436316266333463346564646263636238313133356564323065633934623361613035
63663434363838383334653464613663373935316434653063613332643739323432313362643930
38316265383564663336653262373636343263643230653735366638343662373036393265356535
64353939653062383266646535323237333264363264386336333332313063316163626565343261
65663463343331313530376363396665393532313333623835363461613762356238353066396536
31653237663538333131346366323132643263376532643665373839663933303430393534626235
33303733643565353939633163313335643037393461303162356135316363633032353861643064
61613039356339646161373633623538636532326637386236306664396161386163663762326461
31666461313966366334363364313264386635366638643235626365366536343263
