$ANSIBLE_VAULT;1.2;AES256;infra
37356634623037383536653435336265376635393637653862623366663737393937643264346634
6538616562613537353861623662396338646236333661650a366437616135343238656233356166
33336637363262643732303231636632326463393461656565626133663030393661373766666538
3662653738333339360a306232393933643666383338343465633433343166653938313266393762
63306164396634613563386235356164663135313438373532633264376239396639386437346535
34653333383235313836663633626361363037626434643562323661323635653038663234396238
34343932653138356138393532363234373664633235333638383663653066323965663632343839
37353262633665343461396262323234363435313264663661353735656461663436663964386335
66306436666639396364333037313165393266663462333335616232353734336562303636396238
64663862643664316666383734333633373931326138623330633932633038636362376361313233
62633162353362323565626566393639663961633236333935306166376530653563393737623634
39373862343630656162373334313539376234353861623839663238336535303833613531303931
62613563643439613736653934396366373738316566353763363062346437626535376135663764
35373732336565376264383534623662663736313966633138333035396630326132336163313033
34646436623934323862353534373232303434363261316231643633643562346434623930653130
64613262313566383466383964336564653832386231643436623437323164306363653439663438
64333232663962383065316533656362353962313734346137323435653166623231336437656434
35336464643764313637323365373533656264356465326566646438333662343932383863643931
37613231663437366434393435633761393466636431323037366166323161643965316239663633
36376162353135626161663236343036373164646563363530353865356339353231306130616163
66326538383566353864323031363861323536313663326638633235333836656135356163386265
33316564613431373065393537353232316339636235393763323337393034333863313037623436
37333736373063646366306235633837366133663763653437326639663438613632643733663764
35346463643234333831323532326261643635386131653239653437376232336531343064643265
32353738376630626564623132353466356239376339316532383635363763383366643339663330
65363565343738353633313237663030313630326361633463393334343664373435343330396362
39353062343132613065623762666639333636356362323532306466643861623432303664643132
31343834323361313132303465333761663030313938613232616330616639373831653834306134
66626639306231623761313364623030363434336664613837633635653064323436653133663763
35646639373565326265356434393435613238346333363262363431383861656237303263643735
63383532383961386138393832366436373934323931356438373965313335376661366132613236
34343935313166393439623361383135363838353665396336633933353535643038656637633339
62646332613937613230343434386432343435326566396131633966666232373666333031666230
65663832343331343566313236363232616464393638643637393539613135343266613432616166
31643064656537656630643331316635663966393339336639376133326362366138323363366466
31363862366236376533393530653630323731653561333962633432323664643135356533663763
63353732393734386566343233363637373165376631386463633533363830653363393033353061
38663330376265646332656439386238306634386162316365636434663064383834386235323234
32396363643764623265613833363230343333333237666365313639323262656534653235323464
61336463663436613838333630376661346662306636633732396130323864626334303531323766
34356665613563623633616637316266303135383336653237646338326264373866393134646365
66343335643133653535353765363063616439613738333465373034383837336263656132356538
37353935353965643464376361333236383333333834343362663837636562376163386665666136
39336639366437613634396637633066326561363031333339313034396536316435343062396236
62643263386331626432623732393638363531376563306361633833333533343866636165343764
30386535386565316366643436656332373366396239363634643335306461346338396231316532
36303532346435656333343865666563666266626339653632373162316462366531326366316132
36383834633031396532313835346364396138326261626133653062646262613330326634363861
32303930306431646439633335616535666536316461343965383934346366353138623464653966
32343464366334666333366539613433306365626137636538383737613736346132623734313631
35313535363730663631316531616138613262643963633538386531393635383631326465636236
30386665663235316264623166663965313431316666333937643435366434323636313365343864
30333633313032616233663863646265323566366539303238343766616335333163363538633165
35653933356461633066633839663533343432663033313463346531343261353836353830616462
34306663626437383034353131306561316439393535376339383366323134313332326333343735
66623432323833303730353132393766613962376663373839663333313032323835653832356231
30636431626632363934393036653631346638323665646461376330353039613537356239626337
34363539633139623633333763333061663437313934373566613932613861636362633834393866
64393230313561396664656366326230366664666630623535623362666137616165383162343364
33393765636537326461303463656165613961343961346634636534383831643063313439343430
35393065356134383336346265313366303538306561353837353764356133383831633331306362
61333766326166373639353964626264626661336633303439313061613061633032663936646134
33356535636661643330353563373837336435393936376463303636653364323339666635373434
39353261653333353733646166623538656339626330653761316332393738666139363933356435
39326637656138666435373161373539386437393737636663343530656161356437626661653365
65663965306238303130313165666132346436373135636265643863623336666239616335313830
33343566646334346262663333393466303931616139346361353732616561666265336439343261
36393636373466346439383266643432306164633337333835653130303738396231303038656530
65316266623634626565643830653366393230313532326435653366313534656437326336333230
33343463346163343465623437653232373333323261333939376135383930306431306364663932
36633131386262326131306638336134343662363233396565613432626664336464353532343930
30343266323938633331656431656338336330393937616632653132386134373539316262633832
30653230313630373262386161646164393337666537386435656662313763626333643161656137
63646339336235336537363830373238323931333561363830306662383961343237376264656566
65393230373537396133373964386637646265336666313964386335323230316230306362333630
62353430313635663436316331366465363732346463626536663634346234353765326535383065
65323337323463623835356237643963303661346634346362643463366562633162313137376462
33326264623935623161623932386336313535333838613361393736353530363764343264303630
65383434653339376638326164366635336534336638626434356565643966656631373664386264
36343465633732386132343465313431626538346530343837313035663330663039326663653630
37636261333763356138663563393063323432346164626464336466626265303431643636666166
61623531643039663139666464623262623433383661386236363761386536633434636461666664
33343138393663333865303636333430646138336461646431333435363865343364393736636138
35316363383364386661373139666162323034346362353565343730333763643931633133333763
31633034663466663863623034316437353365636462623637656139323466386264633164393331
38323735373934653833653132623039383837386331653062643533303634373365326631633833
65333932373166376530613436623961643561323932323039323237323033353537623139353135
64646165613437613732
